# Time_step energy
0 1.000000e+00
1 6.830360e-01
2 4.950259e-01
3 3.772662e-01
4 2.997628e-01
5 2.464209e-01
6 2.082080e-01
7 1.798432e-01
8 1.581220e-01
9 1.410317e-01
10 1.272673e-01
11 1.159572e-01
12 1.065031e-01
13 9.848352e-02
14 9.159448e-02
15 8.561193e-02
16 8.036740e-02
17 7.573191e-02
18 7.160510e-02
19 6.790770e-02
20 6.457627e-02
21 6.155943e-02
22 5.881512e-02
23 5.630852e-02
24 5.401060e-02
25 5.189694e-02
26 4.994682e-02
27 4.814255e-02
28 4.646895e-02
29 4.491287e-02
30 4.346292e-02
31 4.210910e-02
32 4.084267e-02
33 3.965590e-02
34 3.854195e-02
35 3.749475e-02
36 3.650885e-02
37 3.557941e-02
38 3.470204e-02
39 3.387282e-02
40 3.308819e-02
41 3.234492e-02
42 3.164008e-02
43 3.097099e-02
44 3.033523e-02
45 2.973056e-02
46 2.915494e-02
47 2.860649e-02
48 2.808349e-02
49 2.758433e-02
50 2.710757e-02
51 2.665183e-02
52 2.621586e-02
53 2.579849e-02
54 2.539864e-02
55 2.501532e-02
56 2.464757e-02
57 2.429453e-02
58 2.395540e-02
59 2.362940e-02
60 2.331585e-02
61 2.301406e-02
62 2.272342e-02
63 2.244336e-02
64 2.217333e-02
65 2.191282e-02
66 2.166134e-02
67 2.141846e-02
68 2.118375e-02
69 2.095682e-02
70 2.073728e-02
71 2.052478e-02
72 2.031900e-02
73 2.011962e-02
74 1.992635e-02
75 1.973890e-02
76 1.955702e-02
77 1.938046e-02
78 1.920898e-02
79 1.904236e-02
80 1.888038e-02
81 1.872286e-02
82 1.856960e-02
83 1.842043e-02
84 1.827517e-02
85 1.813366e-02
86 1.799576e-02
87 1.786132e-02
88 1.773020e-02
89 1.760227e-02
90 1.747741e-02
91 1.735551e-02
92 1.723644e-02
93 1.712010e-02
94 1.700640e-02
95 1.689524e-02
96 1.678652e-02
97 1.668016e-02
98 1.657607e-02
99 1.647418e-02
100 1.637441e-02
101 1.627669e-02
102 1.618095e-02
103 1.608712e-02
104 1.599515e-02
105 1.590497e-02
106 1.581652e-02
107 1.572976e-02
108 1.564462e-02
109 1.556106e-02
110 1.547903e-02
111 1.539849e-02
112 1.531939e-02
113 1.524169e-02
114 1.516535e-02
115 1.509033e-02
116 1.501660e-02
117 1.494411e-02
118 1.487284e-02
119 1.480275e-02
120 1.473381e-02
121 1.466600e-02
122 1.459927e-02
123 1.453361e-02
124 1.446899e-02
125 1.440538e-02
126 1.434275e-02
127 1.428109e-02
128 1.422037e-02
129 1.416057e-02
130 1.410167e-02
131 1.404364e-02
132 1.398647e-02
133 1.393014e-02
134 1.387463e-02
135 1.381991e-02
136 1.376599e-02
137 1.371283e-02
138 1.366042e-02
139 1.360875e-02
140 1.355779e-02
141 1.350755e-02
142 1.345800e-02
143 1.340912e-02
144 1.336091e-02
145 1.331336e-02
146 1.326644e-02
147 1.322015e-02
148 1.317448e-02
149 1.312941e-02
150 1.308494e-02
151 1.304105e-02
152 1.299773e-02
153 1.295498e-02
154 1.291278e-02
155 1.287112e-02
156 1.283000e-02
157 1.278940e-02
158 1.274931e-02
159 1.270974e-02
160 1.267066e-02
161 1.263207e-02
162 1.259397e-02
163 1.255634e-02
164 1.251918e-02
165 1.248248e-02
166 1.244623e-02
167 1.241042e-02
168 1.237506e-02
169 1.234012e-02
170 1.230562e-02
171 1.227153e-02
172 1.223785e-02
173 1.220458e-02
174 1.217171e-02
175 1.213923e-02
176 1.210714e-02
177 1.207544e-02
178 1.204411e-02
179 1.201316e-02
180 1.198257e-02
181 1.195234e-02
182 1.192247e-02
183 1.189295e-02
184 1.186377e-02
185 1.183494e-02
186 1.180644e-02
187 1.177828e-02
188 1.175044e-02
189 1.172293e-02
190 1.169573e-02
191 1.166885e-02
192 1.164228e-02
193 1.161601e-02
194 1.159004e-02
195 1.156438e-02
196 1.153900e-02
197 1.151392e-02
198 1.148912e-02
199 1.146460e-02
200 1.144036e-02
201 1.141639e-02
202 1.139270e-02
203 1.136927e-02
204 1.134611e-02
205 1.132321e-02
206 1.130056e-02
207 1.127817e-02
208 1.125603e-02
209 1.123414e-02
210 1.121249e-02
211 1.119108e-02
212 1.116991e-02
213 1.114897e-02
214 1.112826e-02
215 1.110779e-02
216 1.108754e-02
217 1.106751e-02
218 1.104771e-02
219 1.102812e-02
220 1.100874e-02
221 1.098958e-02
222 1.097063e-02
223 1.095188e-02
224 1.093334e-02
225 1.091500e-02
226 1.089686e-02
227 1.087892e-02
228 1.086117e-02
229 1.084361e-02
230 1.082624e-02
231 1.080906e-02
232 1.079206e-02
233 1.077525e-02
234 1.075861e-02
235 1.074215e-02
236 1.072587e-02
237 1.070977e-02
238 1.069383e-02
239 1.067806e-02
240 1.066247e-02
241 1.064703e-02
242 1.063176e-02
243 1.061665e-02
244 1.060170e-02
245 1.058691e-02
246 1.057227e-02
247 1.055779e-02
248 1.054346e-02
249 1.052927e-02
250 1.051524e-02
251 1.050135e-02
252 1.048761e-02
253 1.047400e-02
254 1.046054e-02
255 1.044722e-02
256 1.043404e-02
257 1.042099e-02
258 1.040807e-02
259 1.039529e-02
260 1.038264e-02
261 1.037012e-02
262 1.035773e-02
263 1.034546e-02
264 1.033332e-02
265 1.032130e-02
266 1.030940e-02
267 1.029762e-02
268 1.028596e-02
269 1.027442e-02
270 1.026300e-02
271 1.025169e-02
272 1.024049e-02
273 1.022940e-02
274 1.021843e-02
275 1.020756e-02
276 1.019680e-02
277 1.018615e-02
278 1.017560e-02
279 1.016516e-02
280 1.015482e-02
281 1.014458e-02
282 1.013444e-02
283 1.012440e-02
284 1.011446e-02
285 1.010461e-02
286 1.009487e-02
287 1.008521e-02
288 1.007565e-02
289 1.006618e-02
290 1.005680e-02
291 1.004751e-02
292 1.003831e-02
293 1.002920e-02
294 1.002018e-02
295 1.001124e-02
296 1.000238e-02
297 9.993610e-03
298 9.984922e-03
299 9.976315e-03
300 9.967789e-03
301 9.959343e-03
302 9.950975e-03
303 9.942686e-03
304 9.934473e-03
305 9.926337e-03
306 9.918275e-03
307 9.910288e-03
308 9.902374e-03
309 9.894532e-03
310 9.886762e-03
311 9.879063e-03
312 9.871434e-03
313 9.863874e-03
314 9.856382e-03
315 9.848957e-03
316 9.841599e-03
317 9.834307e-03
318 9.827079e-03
319 9.819917e-03
320 9.812817e-03
321 9.805780e-03
322 9.798806e-03
323 9.791892e-03
324 9.785039e-03
325 9.778246e-03
326 9.771512e-03
327 9.764837e-03
328 9.758219e-03
329 9.751658e-03
330 9.745153e-03
331 9.738704e-03
332 9.732310e-03
333 9.725971e-03
334 9.719685e-03
335 9.713452e-03
336 9.707272e-03
337 9.701143e-03
338 9.695066e-03
339 9.689039e-03
340 9.683062e-03
341 9.677134e-03
342 9.671256e-03
343 9.665425e-03
344 9.659643e-03
345 9.653907e-03
346 9.648218e-03
347 9.642575e-03
348 9.636977e-03
349 9.631424e-03
350 9.625916e-03
351 9.620451e-03
352 9.615030e-03
353 9.609651e-03
354 9.604315e-03
355 9.599021e-03
356 9.593768e-03
357 9.588555e-03
358 9.583384e-03
359 9.578251e-03
360 9.573159e-03
361 9.568105e-03
362 9.563090e-03
363 9.558112e-03
364 9.553172e-03
365 9.548270e-03
366 9.543404e-03
367 9.538574e-03
368 9.533780e-03
369 9.529021e-03
370 9.524298e-03
371 9.519608e-03
372 9.514954e-03
373 9.510332e-03
374 9.505744e-03
375 9.501189e-03
376 9.496667e-03
377 9.492177e-03
378 9.487718e-03
379 9.483291e-03
380 9.478896e-03
381 9.474530e-03
382 9.470195e-03
383 9.465890e-03
384 9.461615e-03
385 9.457369e-03
386 9.453152e-03
387 9.448963e-03
388 9.444803e-03
389 9.440670e-03
390 9.436565e-03
391 9.432488e-03
392 9.428437e-03
393 9.424413e-03
394 9.420415e-03
395 9.416443e-03
396 9.412497e-03
397 9.408576e-03
398 9.404680e-03
399 9.400810e-03
400 9.396963e-03
401 9.393141e-03
402 9.389343e-03
403 9.385568e-03
404 9.381817e-03
405 9.378089e-03
406 9.374383e-03
407 9.370701e-03
408 9.367040e-03
409 9.363402e-03
410 9.359785e-03
411 9.356190e-03
412 9.352616e-03
413 9.349063e-03
414 9.345531e-03
415 9.342019e-03
416 9.338528e-03
417 9.335056e-03
418 9.331605e-03
419 9.328173e-03
420 9.324760e-03
421 9.321367e-03
422 9.317992e-03
423 9.314636e-03
424 9.311299e-03
425 9.307980e-03
426 9.304679e-03
427 9.301395e-03
428 9.298130e-03
429 9.294881e-03
430 9.291650e-03
431 9.288436e-03
432 9.285239e-03
433 9.282058e-03
434 9.278894e-03
435 9.275746e-03
436 9.272614e-03
437 9.269497e-03
438 9.266397e-03
439 9.263312e-03
440 9.260242e-03
441 9.257187e-03
442 9.254148e-03
443 9.251123e-03
444 9.248112e-03
445 9.245116e-03
446 9.242135e-03
447 9.239167e-03
448 9.236214e-03
449 9.233274e-03
450 9.230347e-03
451 9.227435e-03
452 9.224535e-03
453 9.221649e-03
454 9.218775e-03
455 9.215915e-03
456 9.213067e-03
457 9.210232e-03
458 9.207409e-03
459 9.204598e-03
460 9.201800e-03
461 9.199013e-03
462 9.196238e-03
463 9.193475e-03
464 9.190724e-03
465 9.187984e-03
466 9.185255e-03
467 9.182537e-03
468 9.179831e-03
469 9.177135e-03
470 9.174450e-03
471 9.171776e-03
472 9.169112e-03
473 9.166459e-03
474 9.163816e-03
475 9.161183e-03
476 9.158561e-03
477 9.155948e-03
478 9.153345e-03
479 9.150752e-03
480 9.148168e-03
481 9.145594e-03
482 9.143029e-03
483 9.140474e-03
484 9.137927e-03
485 9.135390e-03
486 9.132862e-03
487 9.130343e-03
488 9.127832e-03
489 9.125330e-03
490 9.122836e-03
491 9.120351e-03
492 9.117875e-03
493 9.115407e-03
494 9.112946e-03
495 9.110494e-03
496 9.108050e-03
497 9.105614e-03
498 9.103186e-03
499 9.100765e-03
500 9.098352e-03
501 9.095947e-03
502 9.093549e-03
503 9.091158e-03
504 9.088775e-03
505 9.086399e-03
506 9.084030e-03
507 9.081668e-03
508 9.079313e-03
509 9.076965e-03
510 9.074623e-03
511 9.072289e-03
512 9.069961e-03
513 9.067640e-03
514 9.065325e-03
515 9.063016e-03
516 9.060714e-03
517 9.058419e-03
518 9.056129e-03
519 9.053846e-03
520 9.051569e-03
521 9.049297e-03
522 9.047032e-03
523 9.044773e-03
524 9.042519e-03
525 9.040271e-03
526 9.038029e-03
527 9.035793e-03
528 9.033562e-03
529 9.031336e-03
530 9.029116e-03
531 9.026901e-03
532 9.024692e-03
533 9.022488e-03
534 9.020289e-03
535 9.018095e-03
536 9.015907e-03
537 9.013723e-03
538 9.011544e-03
539 9.009370e-03
540 9.007201e-03
541 9.005037e-03
542 9.002878e-03
543 9.000723e-03
544 8.998573e-03
545 8.996428e-03
546 8.994287e-03
547 8.992151e-03
548 8.990019e-03
549 8.987891e-03
550 8.985768e-03
551 8.983649e-03
552 8.981535e-03
553 8.979424e-03
554 8.977318e-03
555 8.975216e-03
556 8.973118e-03
557 8.971024e-03
558 8.968934e-03
559 8.966848e-03
560 8.964766e-03
561 8.962687e-03
562 8.960613e-03
563 8.958542e-03
564 8.956475e-03
565 8.954412e-03
566 8.952352e-03
567 8.950296e-03
568 8.948244e-03
569 8.946195e-03
570 8.944150e-03
571 8.942108e-03
572 8.940069e-03
573 8.938034e-03
574 8.936002e-03
575 8.933974e-03
576 8.931948e-03
577 8.929926e-03
578 8.927908e-03
579 8.925892e-03
580 8.923880e-03
581 8.921870e-03
582 8.919864e-03
583 8.917861e-03
584 8.915861e-03
585 8.913864e-03
586 8.911870e-03
587 8.909878e-03
588 8.907890e-03
589 8.905904e-03
590 8.903921e-03
591 8.901942e-03
592 8.899964e-03
593 8.897990e-03
594 8.896018e-03
595 8.894049e-03
596 8.892083e-03
597 8.890119e-03
598 8.888158e-03
599 8.886199e-03
600 8.884243e-03
601 8.882290e-03
602 8.880339e-03
603 8.878390e-03
604 8.876444e-03
605 8.874500e-03
606 8.872559e-03
607 8.870620e-03
608 8.868684e-03
609 8.866749e-03
610 8.864817e-03
611 8.862888e-03
612 8.860960e-03
613 8.859035e-03
614 8.857112e-03
615 8.855191e-03
616 8.853273e-03
617 8.851356e-03
618 8.849442e-03
619 8.847530e-03
620 8.845620e-03
621 8.843712e-03
622 8.841805e-03
623 8.839901e-03
624 8.837999e-03
625 8.836099e-03
626 8.834201e-03
627 8.832305e-03
628 8.830411e-03
629 8.828518e-03
630 8.826628e-03
631 8.824739e-03
632 8.822852e-03
633 8.820967e-03
634 8.819084e-03
635 8.817203e-03
636 8.815323e-03
637 8.813446e-03
638 8.811570e-03
639 8.809695e-03
640 8.807823e-03
641 8.805952e-03
642 8.804083e-03
643 8.802215e-03
644 8.800349e-03
645 8.798485e-03
646 8.796622e-03
647 8.794761e-03
648 8.792901e-03
649 8.791044e-03
650 8.789187e-03
651 8.787332e-03
652 8.785479e-03
653 8.783627e-03
654 8.781777e-03
655 8.779928e-03
656 8.778081e-03
657 8.776235e-03
658 8.774390e-03
659 8.772547e-03
660 8.770706e-03
661 8.768866e-03
662 8.767027e-03
663 8.765190e-03
664 8.763354e-03
665 8.761519e-03
666 8.759686e-03
667 8.757854e-03
668 8.756023e-03
669 8.754193e-03
670 8.752365e-03
671 8.750539e-03
672 8.748713e-03
673 8.746889e-03
674 8.745066e-03
675 8.743244e-03
676 8.741424e-03
677 8.739604e-03
678 8.737786e-03
679 8.735969e-03
680 8.734154e-03
681 8.732339e-03
682 8.730526e-03
683 8.728714e-03
684 8.726903e-03
685 8.725093e-03
686 8.723284e-03
687 8.721476e-03
688 8.719670e-03
689 8.717864e-03
690 8.716060e-03
691 8.714257e-03
692 8.712455e-03
693 8.710654e-03
694 8.708854e-03
695 8.707055e-03
696 8.705257e-03
697 8.703460e-03
698 8.701664e-03
699 8.699869e-03
700 8.698075e-03
701 8.696282e-03
702 8.694490e-03
703 8.692700e-03
704 8.690910e-03
705 8.689121e-03
706 8.687333e-03
707 8.685546e-03
708 8.683760e-03
709 8.681975e-03
710 8.680190e-03
711 8.678407e-03
712 8.676625e-03
713 8.674843e-03
714 8.673063e-03
715 8.671283e-03
716 8.669504e-03
717 8.667727e-03
718 8.665950e-03
719 8.664174e-03
720 8.662398e-03
721 8.660624e-03
722 8.658851e-03
723 8.657078e-03
724 8.655306e-03
725 8.653535e-03
726 8.651765e-03
727 8.649996e-03
728 8.648227e-03
729 8.646459e-03
730 8.644693e-03
731 8.642926e-03
732 8.641161e-03
733 8.639397e-03
734 8.637633e-03
735 8.635870e-03
736 8.634108e-03
737 8.632347e-03
738 8.630586e-03
739 8.628826e-03
740 8.627067e-03
741 8.625309e-03
742 8.623551e-03
743 8.621794e-03
744 8.620038e-03
745 8.618283e-03
746 8.616528e-03
747 8.614774e-03
748 8.613021e-03
749 8.611268e-03
750 8.609516e-03
751 8.607765e-03
752 8.606015e-03
753 8.604265e-03
754 8.602516e-03
755 8.600768e-03
756 8.599020e-03
757 8.597273e-03
758 8.595527e-03
759 8.593781e-03
760 8.592036e-03
761 8.590292e-03
762 8.588548e-03
763 8.586805e-03
764 8.585063e-03
765 8.583321e-03
766 8.581580e-03
767 8.579840e-03
768 8.578100e-03
769 8.576361e-03
770 8.574622e-03
771 8.572885e-03
772 8.571147e-03
773 8.569411e-03
774 8.567675e-03
775 8.565939e-03
776 8.564204e-03
777 8.562470e-03
778 8.560737e-03
779 8.559004e-03
780 8.557271e-03
781 8.555539e-03
782 8.553808e-03
783 8.552077e-03
784 8.550347e-03
785 8.548618e-03
786 8.546889e-03
787 8.545161e-03
788 8.543433e-03
789 8.541706e-03
790 8.539979e-03
791 8.538253e-03
792 8.536528e-03
793 8.534803e-03
794 8.533078e-03
795 8.531355e-03
796 8.529631e-03
797 8.527909e-03
798 8.526186e-03
799 8.524465e-03
800 8.522744e-03
801 8.521023e-03
802 8.519303e-03
803 8.517584e-03
804 8.515865e-03
805 8.514146e-03
806 8.512428e-03
807 8.510711e-03
808 8.508994e-03
809 8.507278e-03
810 8.505562e-03
811 8.503847e-03
812 8.502132e-03
813 8.500418e-03
814 8.498704e-03
815 8.496991e-03
816 8.495278e-03
817 8.493566e-03
818 8.491854e-03
819 8.490143e-03
820 8.488432e-03
821 8.486722e-03
822 8.485012e-03
823 8.483302e-03
824 8.481594e-03
825 8.479885e-03
826 8.478178e-03
827 8.476470e-03
828 8.474763e-03
829 8.473057e-03
830 8.471351e-03
831 8.469646e-03
832 8.467941e-03
833 8.466236e-03
834 8.464532e-03
835 8.462829e-03
836 8.461126e-03
837 8.459423e-03
838 8.457721e-03
839 8.456019e-03
840 8.454318e-03
841 8.452617e-03
842 8.450917e-03
843 8.449217e-03
844 8.447518e-03
845 8.445819e-03
846 8.444121e-03
847 8.442422e-03
848 8.440725e-03
849 8.439028e-03
850 8.437331e-03
851 8.435635e-03
852 8.433939e-03
853 8.432244e-03
854 8.430549e-03
855 8.428854e-03
856 8.427160e-03
857 8.425467e-03
858 8.423774e-03
859 8.422081e-03
860 8.420389e-03
861 8.418697e-03
862 8.417006e-03
863 8.415315e-03
864 8.413624e-03
865 8.411934e-03
866 8.410244e-03
867 8.408555e-03
868 8.406866e-03
869 8.405178e-03
870 8.403490e-03
871 8.401802e-03
872 8.400115e-03
873 8.398428e-03
874 8.396742e-03
875 8.395056e-03
876 8.393371e-03
877 8.391686e-03
878 8.390001e-03
879 8.388317e-03
880 8.386633e-03
881 8.384949e-03
882 8.383266e-03
883 8.381584e-03
884 8.379902e-03
885 8.378220e-03
886 8.376539e-03
887 8.374858e-03
888 8.373177e-03
889 8.371497e-03
890 8.369817e-03
891 8.368138e-03
892 8.366459e-03
893 8.364780e-03
894 8.363102e-03
895 8.361424e-03
896 8.359747e-03
897 8.358070e-03
898 8.356393e-03
899 8.354717e-03
900 8.353041e-03
901 8.351366e-03
902 8.349691e-03
903 8.348017e-03
904 8.346342e-03
905 8.344669e-03
906 8.342995e-03
907 8.341322e-03
908 8.339649e-03
909 8.337977e-03
910 8.336305e-03
911 8.334634e-03
912 8.332963e-03
913 8.331292e-03
914 8.329622e-03
915 8.327952e-03
916 8.326282e-03
917 8.324613e-03
918 8.322944e-03
919 8.321276e-03
920 8.319608e-03
921 8.317940e-03
922 8.316273e-03
923 8.314606e-03
924 8.312939e-03
925 8.311273e-03
926 8.309607e-03
927 8.307942e-03
928 8.306277e-03
929 8.304612e-03
930 8.302948e-03
931 8.301284e-03
932 8.299621e-03
933 8.297958e-03
934 8.296295e-03
935 8.294632e-03
936 8.292970e-03
937 8.291309e-03
938 8.289647e-03
939 8.287986e-03
940 8.286326e-03
941 8.284666e-03
942 8.283006e-03
943 8.281346e-03
944 8.279687e-03
945 8.278029e-03
946 8.276370e-03
947 8.274712e-03
948 8.273055e-03
949 8.271397e-03
950 8.269740e-03
951 8.268084e-03
952 8.266428e-03
953 8.264772e-03
954 8.263117e-03
955 8.261461e-03
956 8.259807e-03
957 8.258152e-03
958 8.256498e-03
959 8.254845e-03
960 8.253191e-03
961 8.251539e-03
962 8.249886e-03
963 8.248234e-03
964 8.246582e-03
965 8.244930e-03
966 8.243279e-03
967 8.241629e-03
968 8.239978e-03
969 8.238328e-03
970 8.236678e-03
971 8.235029e-03
972 8.233380e-03
973 8.231731e-03
974 8.230083e-03
975 8.228435e-03
976 8.226788e-03
977 8.225140e-03
978 8.223493e-03
979 8.221847e-03
980 8.220201e-03
981 8.218555e-03
982 8.216909e-03
983 8.215264e-03
984 8.213620e-03
985 8.211975e-03
986 8.210331e-03
987 8.208687e-03
988 8.207044e-03
989 8.205401e-03
990 8.203758e-03
991 8.202116e-03
992 8.200474e-03
993 8.198832e-03
994 8.197191e-03
995 8.195550e-03
996 8.193910e-03
997 8.192269e-03
998 8.190629e-03
999 8.188990e-03
1000 8.187351e-03
